0.013
0.014
0.015
0.016
0.018
0.019
0.021
0.023
0.025
0.028
0.033
0.038
0.046
0.056
0.070
0.090
0.118
0.156
0.208
0.280
0.376
0.506
0.677
0.902
1.193
1.565
2.037
2.626
3.353
4.239
5.305
6.570
8.051
9.761
11.708
13.892
16.304
18.927
21.733
24.682
27.724
30.801
33.843
36.778
39.529
42.019
44.175
45.933
47.236
48.044
48.332
48.090
47.330
46.079
44.380
42.292
39.887
37.244
34.453
31.603
28.791
26.108
23.650
21.505
19.761
18.497
17.783
17.679
18.225
19.438
21.307
23.788
26.799
30.221
33.903
37.664
41.313
44.656
47.514
49.743
51.240
51.958
51.904
51.140
49.771
47.934
45.780
43.462
41.118
38.860
36.771
34.898
33.260
31.849
30.635
29.579
28.636
27.761
26.916
26.071
25.207
24.316
23.399
22.469
21.549
20.676
19.902
19.313
19.072
19.507
20.918
22.660
23.868
24.724
25.512
26.304
27.104
27.931
28.828
29.848
31.031
32.388
33.896
35.502
37.138
38.732
40.213
41.525
42.619
43.464
44.038
44.334
44.357
44.123
43.665
43.033
42.293
41.486
40.508
38.953
36.492
33.933
32.012
30.609
29.551
28.750
28.143
27.681
27.331
27.075
26.896
26.779
26.713
26.684
26.682
26.698
26.727
26.763
26.805
26.852
26.903
26.962
27.028
27.106
27.198
27.307
27.436
27.589
27.770
27.982
28.229
28.516
28.846
29.222
29.647
30.121
30.641
31.204
31.802
32.426
33.063
33.702
34.326
34.924
35.484
35.997
36.458
36.863
37.214
37.514
37.768
37.983
38.165
38.317
38.444
38.547
38.628
38.685
38.717
38.722
38.699
38.648
38.568
38.462
38.332
38.182
38.015
37.839
37.657
37.476
37.301
37.137
36.988
36.859
36.750
36.664
36.642
36.572
36.533
36.514
36.510
36.512
36.514
36.513
36.509
36.508
36.524
36.577
36.697
36.921
37.294
37.866
38.689
39.800
41.194
42.792
44.410
45.758
46.481
46.241
44.823
42.218
38.639
34.474
30.172
26.130
22.612
19.727
17.452
15.687
14.305
13.192
12.258
11.443
10.712
10.042
9.424
8.848
8.312
7.812
7.345
6.909
6.502
6.122
5.767
5.435
5.125
4.835
4.563
4.309
4.072
3.849
3.641
3.445
3.262
3.090
2.929
2.778
2.636
2.502
2.377
2.259
2.148
2.044
1.946
1.854
1.767
1.685
1.608
1.535
1.466
1.402
1.341
1.283
1.229
1.177
1.129
1.083
1.039
0.998
